0 0 0 0 0 0 0 0 0 0 0 0 0 0 0 0 0 0 0 0 0 0 0 0 0 0 0 0 0 0 0 0 0 0 0 0 0 0 0 0 0 0 0 0 0 0 0 0 0 0 0 0 0 0 0 0 0 0 0 0 0 0 0 0 0 0 0 0 0 0 0 0 0 0 15 37 29 10 0 0 0 0 0 0 0 0 0 0 0 0 0 0 0 0 0 0 0 0 0 0 0 0 0 0 0 0 0 0 0 0 0 0 0 0 0 0 0 0 0 0 0 0 0 0 0 0 0 0 
0 0 0 0 0 0 0 0 0 0 0 0 0 0 0 0 0 0 0 0 0 0 0 0 0 0 0 0 0 0 0 0 0 0 0 0 0 0 0 0 0 0 0 0 0 0 0 0 0 0 0 0 0 0 0 0 0 0 0 0 0 0 0 0 0 0 0 0 0 0 0 0 5 1 39 68 65 42 8 0 0 0 0 0 0 0 0 0 0 0 0 0 0 0 0 0 0 0 0 0 0 0 0 0 0 0 0 0 0 0 0 0 0 0 0 0 0 0 0 0 0 0 0 0 0 0 0 0 
0 0 0 0 0 0 0 0 0 0 0 0 0 0 0 0 0 0 0 0 0 0 0 0 0 0 0 0 0 0 0 0 0 0 0 0 0 0 0 0 0 0 0 0 0 0 0 0 0 0 0 0 0 0 0 0 0 0 0 0 0 0 0 0 0 0 0 0 0 0 0 0 0 17 60 70 68 49 12 0 0 0 0 0 0 0 0 0 0 0 0 0 0 0 0 0 0 0 0 0 0 0 0 0 0 0 0 0 0 0 0 0 0 0 0 0 0 0 0 0 0 0 0 0 0 0 0 0 
0 0 0 0 0 0 0 0 0 0 0 0 0 0 0 0 0 0 0 0 0 0 0 0 0 0 0 0 0 0 0 0 0 0 0 0 0 0 0 0 0 0 0 0 0 0 0 0 0 0 0 0 0 0 0 0 0 0 0 0 0 255 13 31 27 5 0 0 0 0 0 2 0 36 69 69 59 34 6 13 0 0 0 0 0 0 0 0 0 0 0 0 0 0 0 0 0 0 0 0 0 0 0 0 0 0 0 0 0 0 0 0 0 0 0 0 0 0 0 0 0 0 0 0 0 0 0 0 
0 0 0 0 0 0 0 0 0 0 0 0 0 0 0 0 0 0 0 0 0 0 0 0 0 0 0 0 0 0 0 0 0 0 0 0 0 0 0 0 0 0 0 0 0 0 0 0 0 0 0 0 0 0 0 0 0 0 0 0 3 0 40 65 64 23 0 0 0 0 0 255 12 55 70 65 47 21 0 0 0 0 0 0 0 0 0 0 0 0 0 0 0 0 0 0 0 0 0 0 0 0 0 0 0 0 0 0 0 0 0 0 0 0 0 0 0 0 0 0 0 0 0 0 0 0 0 0 
0 0 0 0 0 0 0 0 0 0 0 0 0 0 0 0 0 0 0 0 0 0 0 0 0 0 0 0 0 0 0 0 0 0 0 0 0 0 0 0 0 0 0 0 0 0 0 0 0 0 0 0 0 0 0 0 0 0 0 0 4 3 49 71 70 36 0 2 0 0 0 0 25 64 68 54 36 8 0 0 0 0 0 0 0 0 0 0 0 0 0 0 0 0 0 0 0 0 0 0 0 0 0 0 0 0 0 0 0 0 0 0 0 0 0 0 0 0 0 0 0 0 0 0 0 0 0 0 
0 0 0 0 0 0 0 0 0 0 0 0 0 0 0 0 0 0 0 0 0 0 0 0 0 0 0 0 0 0 0 0 0 0 0 0 0 0 0 0 0 0 0 0 0 0 0 0 0 0 0 0 0 0 0 0 0 0 0 0 2 0 41 70 69 45 7 255 0 0 17 5 39 68 58 45 23 0 0 0 0 0 0 0 0 0 0 0 0 0 0 0 0 0 0 0 0 0 0 0 0 0 0 0 0 0 0 0 0 0 0 0 0 0 0 0 0 0 0 0 0 0 0 0 0 0 0 0 
0 0 0 0 0 0 0 0 0 0 0 0 0 0 0 0 0 0 0 0 0 0 0 0 0 0 0 0 0 0 0 0 0 0 0 0 0 0 0 0 0 0 0 0 0 0 0 0 0 0 0 0 0 0 0 0 0 0 0 0 0 0 24 64 69 51 16 0 0 0 0 14 50 60 47 40 13 0 0 0 0 0 0 0 0 0 0 0 0 0 0 0 0 0 0 0 0 0 0 0 0 0 0 0 0 0 0 0 0 0 0 0 0 0 0 0 0 0 0 0 0 0 0 0 0 0 0 0 
0 0 0 0 0 0 0 0 0 0 0 0 0 0 0 0 0 0 0 0 0 0 0 0 0 0 0 0 0 0 0 0 0 0 0 0 0 0 0 0 0 0 0 0 0 0 0 0 0 0 0 0 0 0 0 0 0 0 0 0 0 0 9 49 69 54 25 0 1 0 0 24 47 46 45 30 3 7 0 0 0 0 0 0 0 0 0 0 0 0 0 0 0 0 0 0 0 0 0 0 0 0 0 0 0 0 0 0 0 0 0 0 0 0 0 0 0 0 0 0 0 0 0 0 0 0 0 0 
0 0 0 0 0 0 0 0 0 0 0 0 0 0 0 0 0 0 0 0 0 0 0 0 0 0 0 0 0 0 0 0 0 0 0 0 0 0 0 0 0 0 0 0 0 0 0 0 0 0 0 0 0 0 0 0 0 0 0 0 0 2 0 31 62 54 34 6 25 13 5 33 45 45 41 16 0 0 0 0 0 0 0 0 0 2 0 1 0 0 0 0 0 0 0 0 0 0 0 0 0 0 0 0 0 0 0 0 0 0 0 0 0 0 0 0 0 0 0 0 0 0 0 0 0 0 0 0 
0 0 0 0 0 0 0 0 0 0 0 0 0 0 0 0 0 0 0 0 0 0 0 0 0 0 0 0 0 0 0 0 0 0 0 0 0 0 0 0 0 0 0 0 0 0 0 0 0 0 0 0 0 0 0 0 0 0 0 0 0 0 0 15 47 50 42 16 0 0 14 42 45 45 29 3 9 0 0 0 0 1 14 28 40 46 34 7 10 0 0 0 0 0 0 0 0 0 0 0 0 0 0 0 0 0 0 0 0 0 0 0 0 0 0 0 0 0 0 0 0 0 0 0 0 0 0 0 
0 0 0 0 0 0 0 0 0 0 0 0 0 0 0 0 0 0 0 0 0 0 0 0 0 0 0 0 0 0 0 0 0 0 0 0 0 0 0 0 0 0 0 0 0 0 0 0 0 0 0 0 0 0 0 0 0 0 0 0 0 0 13 4 31 46 46 28 0 0 24 45 45 39 13 0 0 0 0 4 18 39 57 67 71 72 57 12 20 0 0 0 0 0 0 0 0 0 0 0 0 0 0 0 0 0 0 0 0 0 0 0 0 0 0 0 0 0 0 0 0 0 0 0 0 0 0 0 
0 0 0 0 0 0 0 0 0 0 0 0 0 0 0 0 0 0 0 0 0 0 0 0 0 0 0 0 0 0 0 0 0 0 0 0 0 0 0 0 0 0 0 0 0 0 0 0 0 0 0 0 0 0 0 0 0 0 0 0 0 0 0 0 16 42 46 36 8 3 32 45 45 27 1 7 0 5 17 37 59 70 71 69 67 65 47 8 18 0 0 0 0 0 0 0 0 0 0 0 0 0 0 0 0 0 0 0 0 0 0 0 0 0 0 0 0 0 0 0 0 0 0 0 0 0 0 0 
0 0 0 0 0 0 0 0 0 0 0 0 0 0 0 0 0 0 0 0 0 0 0 0 0 0 0 0 0 0 0 0 0 0 0 0 0 0 0 0 0 0 0 0 0 0 0 0 0 0 0 0 0 0 0 0 0 0 0 0 0 0 0 13 3 30 45 41 14 8 39 46 40 13 0 4 15 32 46 59 62 60 58 54 49 41 20 0 2 0 0 0 0 0 0 0 0 0 0 0 0 0 0 0 0 0 0 0 0 0 0 0 0 0 0 0 0 0 0 0 0 0 0 0 0 0 0 0 
0 0 0 0 0 0 0 0 0 0 0 0 0 0 0 0 0 0 0 0 0 0 0 0 0 0 0 0 0 0 0 0 0 0 0 0 0 0 0 0 0 0 0 0 0 0 0 0 0 0 0 0 0 0 0 0 0 0 0 0 0 0 0 0 0 16 42 44 19 14 43 45 21 2 15 31 42 46 47 47 46 42 36 29 19 10 2 0 0 0 0 0 0 0 0 0 0 0 0 0 0 0 0 0 0 0 0 0 0 0 0 0 0 0 0 0 0 0 0 0 0 0 0 0 0 0 0 0 
0 0 0 0 0 0 0 0 0 0 0 0 0 0 0 0 0 0 0 0 0 0 0 0 0 0 0 0 0 0 0 0 0 0 0 0 0 0 0 0 0 0 0 0 0 0 0 0 0 0 0 0 0 0 0 0 0 0 0 0 0 0 0 0 17 3 28 46 26 22 46 35 12 28 42 46 45 43 37 31 23 15 7 1 0 0 0 0 0 0 0 0 0 0 0 0 0 0 0 0 0 0 0 0 0 0 0 0 0 0 0 0 0 0 0 0 0 0 0 0 0 0 0 0 0 0 0 0 
0 0 0 0 0 0 0 0 0 0 0 0 0 0 0 0 0 0 0 0 0 0 0 0 0 0 0 0 0 0 0 0 0 0 0 0 0 0 0 0 0 0 0 0 0 0 0 0 0 0 0 0 0 0 0 0 0 0 0 0 0 0 0 0 0 0 6 32 36 34 45 33 39 45 40 33 26 18 8 3 0 0 0 0 0 0 0 0 0 0 0 0 0 0 0 0 0 0 0 0 0 0 0 0 0 0 0 0 0 0 0 0 0 0 0 0 0 0 0 0 0 0 0 0 0 0 0 0 
0 0 0 0 0 0 0 0 0 0 0 0 0 0 0 0 0 0 0 0 0 0 0 0 0 0 0 0 0 0 0 0 0 0 0 0 0 0 0 0 0 0 0 0 0 0 0 0 0 0 0 0 0 0 0 0 1 12 38 77 80 101 115 117 116 112 95 55 45 44 37 35 25 14 8 4 0 0 0 0 0 0 0 0 0 0 0 0 0 0 0 0 0 0 0 0 0 0 0 0 0 0 0 0 0 0 0 0 0 0 0 0 0 0 0 0 0 0 0 0 0 0 0 0 0 0 0 0 
0 0 0 0 0 0 0 0 0 0 0 0 0 0 0 0 0 0 0 0 0 0 0 0 0 0 0 0 0 0 0 0 0 0 0 0 0 0 0 0 0 0 0 0 0 0 0 0 0 0 0 0 0 13 46 81 125 151 171 200 205 212 216 218 218 217 217 203 191 181 156 140 108 74 49 24 0 6 0 0 0 0 0 0 0 0 0 0 0 0 0 0 0 0 0 0 0 0 0 0 0 0 0 0 0 0 0 0 0 0 0 0 0 0 0 0 0 0 0 0 0 0 0 0 0 0 0 0 
0 0 0 0 0 0 0 0 0 0 0 0 0 0 0 0 0 0 0 0 0 0 0 0 0 0 0 0 0 0 0 0 0 0 0 0 0 0 0 0 0 0 0 0 0 0 0 0 0 0 17 57 102 147 188 209 219 221 221 219 219 221 222 223 222 222 220 220 220 219 219 216 210 203 179 152 107 49 8 0 0 0 0 0 0 0 0 0 0 0 0 0 0 0 0 0 0 0 0 0 0 0 0 0 0 0 0 0 0 0 0 0 0 0 0 0 0 0 0 0 0 0 0 0 0 0 0 0 
0 0 0 0 0 0 0 0 0 0 0 0 0 0 0 0 0 0 0 0 0 0 0 0 0 0 0 0 0 0 0 0 0 0 0 0 0 0 12 10 33 0 0 26 69 81 25 0 39 99 152 193 217 223 221 219 219 218 218 218 218 219 220 222 222 222 221 220 219 217 216 216 213 208 208 210 203 174 126 63 8 0 0 0 0 0 0 0 0 0 0 0 0 0 0 0 0 0 0 0 0 0 0 0 0 0 0 0 0 0 0 0 0 0 0 0 0 0 0 0 0 0 0 0 0 0 0 0 
0 0 0 0 0 0 0 0 0 0 0 0 0 0 0 0 0 0 0 0 0 0 0 0 0 0 0 0 0 0 0 0 0 0 0 0 25 11 108 117 69 74 110 156 190 155 56 114 176 214 222 221 220 221 221 220 219 218 218 218 218 218 218 220 221 222 222 221 220 218 217 216 216 211 207 207 208 210 209 182 115 38 0 9 0 0 0 0 0 0 0 0 0 0 0 0 0 0 0 0 0 0 0 0 0 0 0 0 0 0 0 0 0 0 0 0 0 0 0 0 0 0 0 0 0 0 0 0 
0 0 0 0 0 0 0 0 0 0 0 0 0 0 0 0 0 0 0 0 0 0 0 0 0 0 0 0 0 0 0 0 0 0 0 0 0 43 184 209 186 189 206 199 147 147 189 220 223 220 219 219 221 221 222 221 220 218 218 218 218 218 218 218 220 221 222 222 221 220 218 217 216 213 207 207 207 208 208 209 206 159 72 5 0 0 0 0 0 0 0 0 0 0 0 0 0 0 0 0 0 0 0 0 0 0 0 0 0 0 0 0 0 0 0 0 0 0 0 0 0 0 0 0 0 0 0 0 
0 0 0 0 0 0 0 0 0 0 0 0 0 0 0 0 0 0 0 0 0 0 0 0 0 0 0 0 0 0 0 0 0 0 0 8 0 92 203 209 206 203 167 132 182 222 226 224 222 220 219 219 220 221 222 222 221 219 218 218 218 218 218 218 218 220 221 222 222 221 219 217 216 213 207 207 207 207 208 208 208 210 187 103 30 0 0 0 0 0 0 0 0 0 0 0 0 0 0 0 0 0 0 0 0 0 0 0 0 0 0 0 0 0 0 0 0 0 0 0 0 0 0 0 0 0 0 0 
0 0 0 0 0 0 0 0 0 0 0 0 0 0 0 0 0 0 0 0 0 0 0 0 0 0 0 0 0 0 0 0 0 0 27 4 66 166 197 202 187 119 133 201 224 224 225 224 223 222 219 219 220 221 222 222 222 220 218 218 218 218 218 218 218 220 221 222 223 221 220 218 216 212 207 207 207 207 207 207 207 208 209 205 150 63 0 17 0 0 0 0 0 0 0 0 0 0 0 0 0 0 0 0 0 0 0 0 0 0 0 0 0 0 0 0 0 0 0 0 0 0 0 0 0 0 0 0 
0 0 0 0 0 0 0 0 0 0 0 0 0 0 0 0 0 0 0 0 0 0 0 0 0 0 0 0 0 0 0 0 0 255 14 87 164 190 195 189 126 150 215 222 223 224 224 224 223 223 220 219 219 219 221 222 222 220 219 218 218 218 218 218 219 221 221 222 222 220 220 219 216 209 206 206 206 207 207 207 208 208 208 209 211 178 88 6 97 0 0 0 0 0 0 0 0 0 0 0 0 0 0 0 0 0 0 0 0 0 0 0 0 0 0 0 0 0 0 0 0 0 0 0 0 0 0 0 
0 0 0 0 0 0 0 0 0 0 0 0 0 0 0 0 0 0 0 0 0 0 0 0 0 0 0 0 0 0 0 0 0 19 96 170 185 188 177 121 173 217 220 221 222 223 224 224 224 224 222 219 219 219 219 220 220 220 220 219 218 218 218 219 220 221 222 221 220 220 219 219 214 208 206 206 206 206 206 207 208 209 209 209 209 211 190 95 10 79 0 0 0 0 0 0 0 0 0 0 0 0 0 0 0 0 0 0 0 0 0 0 0 0 0 0 0 0 0 0 0 0 0 0 0 0 0 0 
0 0 0 0 0 0 0 0 0 0 0 0 0 0 0 0 0 0 0 0 0 0 0 0 0 0 0 0 0 0 0 0 19 103 174 183 184 182 110 160 214 217 220 221 222 222 222 224 225 225 224 220 219 219 219 219 218 219 219 219 219 219 219 221 222 222 221 220 219 219 219 215 209 208 207 206 206 206 206 208 209 209 210 209 209 209 210 190 89 0 13 0 0 0 0 0 0 0 0 0 0 0 0 0 0 0 0 0 0 0 0 0 0 0 0 0 0 0 0 0 0 0 0 0 0 0 0 0 
0 0 0 0 0 0 0 0 0 0 0 0 0 0 0 0 0 0 0 0 0 0 0 0 0 0 0 0 0 0 0 20 105 178 184 182 182 122 132 206 216 220 222 223 223 222 222 222 223 223 223 221 219 219 219 219 218 218 218 218 219 219 220 221 222 221 220 220 219 219 216 210 207 207 207 207 207 207 208 208 209 209 209 209 209 209 209 161 79 16 0 0 0 2 56 69 21 100 0 0 0 0 0 0 0 0 0 0 0 0 0 0 0 0 0 0 0 0 0 0 0 0 0 0 0 0 0 0 
0 0 0 0 0 0 0 0 0 0 0 0 0 0 0 0 0 0 0 0 0 0 0 0 0 0 0 0 0 253 22 101 177 185 184 186 143 125 201 203 195 186 188 200 216 224 223 221 221 222 222 222 220 219 219 219 218 218 218 218 218 218 219 220 221 220 219 219 218 215 210 207 206 206 207 207 207 207 208 208 208 208 208 208 208 209 199 143 193 147 66 20 49 114 178 193 78 0 0 0 0 0 0 0 0 0 0 0 0 0 0 0 0 0 0 0 0 0 0 0 0 0 0 0 0 0 0 0 
0 0 0 0 0 0 0 0 0 0 0 0 0 0 0 0 0 0 0 0 0 0 0 0 0 0 0 0 0 31 114 176 184 184 186 175 120 190 170 123 119 128 153 165 159 173 194 220 221 222 223 223 221 220 219 219 219 218 218 218 218 218 218 218 218 219 219 218 214 209 208 208 207 207 207 206 207 207 208 208 208 208 208 208 208 210 183 152 218 218 202 163 179 210 218 208 93 0 0 0 0 0 0 0 0 0 0 0 0 0 0 0 0 0 0 0 0 0 0 0 0 0 0 0 0 0 0 0 
0 0 0 0 0 0 0 0 0 0 0 0 0 0 0 0 0 0 0 0 0 0 0 0 0 0 0 48 12 101 177 182 183 184 185 124 152 148 156 221 242 252 254 254 244 213 158 157 209 222 223 223 223 222 221 220 220 220 219 218 218 217 217 216 216 216 215 213 207 195 183 170 170 173 190 203 207 206 207 208 208 208 208 210 210 205 148 170 216 214 213 211 209 210 214 203 83 0 0 0 0 0 0 0 0 0 0 0 0 0 0 0 0 0 0 0 0 0 0 0 0 0 0 0 0 0 0 0 
0 0 0 0 0 0 0 0 0 0 0 0 0 0 0 0 0 0 0 0 0 0 0 0 0 0 3 0 73 169 183 182 183 185 168 119 157 160 246 252 250 251 254 255 255 255 251 203 150 210 224 224 224 223 222 221 221 220 219 217 217 216 216 215 213 210 199 164 135 131 138 146 155 156 136 128 163 200 206 207 207 208 199 153 119 99 118 198 208 208 207 206 205 206 208 200 98 0 0 0 0 0 0 0 0 0 0 0 0 0 0 0 0 0 0 0 0 0 0 0 0 0 0 0 0 0 0 0 
0 0 0 0 0 0 0 0 0 0 0 0 0 0 0 0 0 0 0 0 0 0 0 0 0 0 0 37 144 184 182 183 183 183 120 155 147 222 251 250 250 250 252 254 254 255 255 255 198 156 222 224 224 224 222 220 219 218 217 216 215 214 212 209 207 175 139 178 219 240 248 251 252 252 243 216 157 140 191 206 206 206 136 126 161 184 203 208 206 204 204 204 204 204 204 203 103 0 1 0 0 0 0 0 0 0 0 0 0 0 0 0 0 0 0 0 0 0 0 0 0 0 0 0 0 0 0 0 
0 0 0 0 0 0 0 0 0 0 0 0 0 0 0 0 0 0 0 0 0 0 0 0 0 9 0 93 182 184 183 183 184 169 99 179 140 241 250 250 250 250 247 225 249 253 254 255 249 152 202 221 221 220 220 218 216 214 213 211 209 206 204 204 165 139 220 252 251 250 250 250 250 250 250 252 251 201 133 183 204 205 147 147 219 219 212 207 206 204 203 203 203 203 203 206 151 27 0 0 0 0 0 0 0 0 0 0 0 0 0 0 0 0 0 0 0 0 0 0 0 0 0 0 0 0 0 0 
0 0 0 0 0 0 0 0 0 0 0 0 0 0 0 0 0 0 0 0 0 0 0 0 0 0 39 154 187 185 185 184 186 152 131 197 150 241 250 250 250 250 245 203 244 250 250 251 254 184 175 218 216 215 214 213 210 208 206 206 206 205 205 184 121 226 252 250 250 250 250 250 250 250 250 250 250 252 219 134 191 206 194 100 159 214 210 207 207 205 203 203 203 203 203 204 200 97 0 16 0 0 0 0 0 0 0 0 0 0 0 0 0 0 0 0 0 0 0 0 0 0 0 0 0 0 0 0 
0 0 0 0 0 0 0 0 0 0 0 0 0 0 0 0 0 0 0 0 0 0 0 0 8 0 91 181 185 185 185 185 187 141 160 207 152 222 250 250 250 250 250 251 250 250 249 249 253 165 158 212 209 208 208 207 207 206 206 206 206 207 209 146 182 253 250 250 250 250 251 250 250 250 250 250 250 250 252 176 147 206 206 172 93 180 207 207 207 206 204 203 203 203 203 203 205 178 53 0 0 0 0 0 0 0 0 0 0 0 0 0 0 0 0 0 0 0 0 0 0 0 0 0 0 0 0 0 
0 0 0 0 0 0 0 0 0 0 0 0 0 0 0 0 0 0 0 0 0 0 0 0 0 36 144 185 185 185 185 185 185 128 182 208 177 165 244 249 250 250 250 250 250 250 250 250 251 146 174 209 207 207 207 207 207 207 206 206 207 207 204 135 228 251 250 250 250 250 223 239 250 250 250 250 250 250 250 233 131 196 204 201 144 122 203 207 207 207 205 203 203 203 203 203 203 205 137 21 0 0 0 0 0 0 0 0 0 0 0 0 0 0 0 0 0 0 0 0 0 0 0 0 0 0 0 0 
0 0 0 0 0 0 0 0 0 0 0 0 0 0 0 0 0 0 0 0 0 0 0 2 0 81 172 184 185 185 185 185 181 107 187 205 203 151 173 244 250 250 250 250 250 250 250 253 212 135 203 208 207 207 207 207 207 207 207 207 207 207 203 145 236 250 250 250 250 250 224 239 250 250 250 250 250 250 249 237 126 191 202 196 184 106 182 206 207 207 205 203 203 203 203 203 203 203 201 105 6 79 0 0 0 0 0 0 0 0 0 0 0 0 0 0 0 0 0 0 0 0 0 0 0 0 0 0 
0 0 0 0 0 0 0 0 0 0 0 0 0 0 0 0 0 0 0 0 0 0 0 62 18 124 177 183 184 185 185 185 177 105 191 204 203 199 147 149 210 245 251 252 252 252 250 213 125 180 207 203 204 208 208 206 207 207 207 206 206 207 207 152 221 250 250 250 250 250 251 250 250 250 250 250 250 250 248 225 115 194 198 192 190 124 145 205 206 206 205 204 203 203 203 203 203 203 205 188 70 0 4 0 0 0 0 0 0 0 0 0 0 0 0 0 0 0 0 0 0 0 0 0 0 0 0 0 
0 0 0 0 0 0 0 0 0 0 0 0 0 0 0 0 0 0 0 0 0 0 0 0 48 154 177 183 183 184 184 184 174 102 193 204 203 204 202 167 132 149 178 193 194 189 150 122 166 152 132 138 142 144 183 207 206 206 206 206 206 206 208 172 159 245 249 250 250 250 250 250 250 250 250 250 250 248 247 158 129 199 194 189 188 152 121 201 204 204 204 204 203 203 203 203 203 204 204 206 164 38 0 0 0 0 0 0 0 0 0 0 0 0 0 0 0 0 0 0 0 0 0 0 0 0 0 0 
0 0 0 0 0 0 0 0 0 0 0 0 0 0 0 0 0 0 0 0 0 0 2 0 83 168 178 183 183 183 183 184 177 95 184 204 203 203 203 205 201 185 166 144 136 149 169 173 114 150 206 207 203 176 131 153 201 205 204 204 204 204 204 202 139 185 243 250 250 249 249 250 250 250 250 249 250 247 180 97 182 196 190 187 186 169 106 195 203 203 203 203 203 203 203 203 204 204 204 204 204 133 22 0 0 0 0 0 0 0 0 0 0 0 0 0 0 0 0 0 0 0 0 0 0 0 0 0 
0 0 0 0 0 0 0 0 0 0 0 0 0 0 0 0 0 0 0 0 0 0 27 14 121 172 179 183 182 181 181 181 182 98 168 205 203 203 203 203 204 205 206 207 208 195 141 107 180 239 230 217 214 216 206 159 141 188 205 204 203 203 203 204 198 153 151 197 228 245 249 250 250 251 250 240 205 150 109 173 196 191 187 186 186 179 104 187 204 203 203 203 203 203 203 203 203 203 203 203 204 200 100 4 29 0 0 0 0 0 0 0 0 0 0 0 0 0 0 0 0 0 0 0 0 0 0 0 
0 0 0 0 0 0 0 0 0 0 0 0 0 0 0 0 0 0 0 0 0 0 0 32 142 171 179 181 176 175 174 173 178 119 136 206 203 203 204 194 190 193 191 177 142 100 141 219 245 238 224 215 214 213 214 214 181 132 154 192 205 206 205 204 204 205 183 151 134 155 185 193 193 183 162 129 112 148 190 196 190 188 186 186 186 183 106 180 204 203 203 203 203 203 203 203 203 203 203 203 203 205 183 62 0 0 0 0 0 0 0 0 0 0 0 0 0 0 0 0 0 0 0 0 0 0 0 0 
0 0 0 0 0 0 0 0 0 0 0 0 0 0 0 0 0 0 0 0 0 0 0 54 159 170 176 175 169 168 168 167 168 143 107 201 203 204 162 137 161 162 158 150 165 212 245 245 243 236 221 215 214 213 213 214 215 200 143 113 132 158 175 184 192 197 203 208 203 186 166 154 151 152 156 177 196 199 194 190 188 186 186 186 185 185 108 168 205 203 203 203 203 203 203 203 203 203 203 203 203 203 205 149 28 0 0 0 0 0 0 0 0 0 0 0 0 0 0 0 0 0 0 0 0 0 0 0 
0 0 0 0 0 0 0 0 0 0 0 0 0 0 0 0 0 0 0 0 0 0 0 68 165 169 171 169 166 166 165 166 166 163 99 175 206 185 149 232 244 243 243 246 249 244 242 244 242 233 219 214 214 214 214 214 213 214 215 198 164 132 117 111 109 111 109 115 127 156 191 206 205 202 199 196 193 192 190 188 186 185 185 185 185 187 115 155 205 203 203 203 203 203 203 203 203 203 203 203 203 203 203 201 103 0 13 0 0 0 0 0 0 0 0 0 0 0 0 0 0 0 0 0 0 0 0 0 
0 0 0 0 0 0 0 0 0 0 0 0 0 0 0 0 0 0 0 0 0 0 0 77 167 169 168 166 165 165 165 165 165 168 130 114 204 147 193 249 245 245 245 245 247 199 221 246 242 230 217 214 215 214 203 212 213 213 213 216 221 226 227 225 219 210 195 171 148 122 110 140 190 194 193 191 190 189 188 186 185 185 185 185 185 188 126 152 205 203 203 203 203 203 203 203 203 203 203 203 203 203 203 205 174 47 0 0 0 0 0 0 0 0 0 0 0 0 0 0 0 0 0 0 0 0 0 0 
0 0 0 0 0 0 0 0 0 0 0 0 0 0 0 0 0 0 0 0 0 0 0 80 167 169 168 166 166 166 165 165 165 166 161 91 120 126 236 246 245 245 245 245 247 188 222 245 241 227 216 215 198 155 154 210 214 215 219 227 233 237 238 239 240 240 239 236 231 222 205 130 159 193 191 190 188 187 186 185 185 185 185 185 185 188 132 145 206 203 203 203 203 203 203 203 203 203 203 203 203 203 203 203 204 129 16 127 0 0 0 0 0 0 0 0 0 0 0 0 0 0 0 0 0 0 0 0 
0 0 0 0 0 0 0 0 0 0 0 0 0 0 0 0 0 0 0 0 0 0 0 72 165 169 168 167 166 166 165 165 165 166 168 118 59 204 248 245 245 245 245 245 246 209 232 244 240 225 216 183 151 180 209 216 220 227 234 238 239 239 239 239 239 239 239 239 238 230 221 143 151 191 188 187 186 185 185 185 185 185 185 185 185 188 140 138 205 203 203 203 203 203 203 203 203 203 203 203 203 203 203 203 204 192 73 0 1 0 0 0 0 0 0 0 0 0 0 0 0 0 0 0 0 0 0 0 
0 0 0 0 0 0 0 0 0 0 0 0 0 0 0 0 0 0 0 0 0 0 0 62 161 169 168 167 166 165 166 166 167 161 126 108 193 246 245 245 245 245 245 245 245 244 244 244 238 223 214 197 209 217 221 228 234 238 239 239 239 239 239 239 239 239 239 239 236 225 211 109 165 188 186 186 185 185 185 185 185 185 185 185 185 188 139 127 205 203 203 203 203 203 203 203 203 203 203 203 203 203 203 203 203 205 154 37 0 0 0 0 0 0 0 0 0 0 0 0 0 0 0 0 0 0 0 0 
0 0 0 0 0 0 0 0 0 0 0 0 0 0 0 0 0 0 0 0 0 0 0 45 150 170 168 167 166 166 167 165 145 117 159 228 248 245 245 245 245 245 245 245 245 245 244 244 237 224 217 215 218 228 235 238 239 239 239 239 239 239 239 239 239 239 239 235 224 218 171 106 184 186 185 185 185 185 185 185 185 185 185 185 185 188 135 125 205 203 203 203 203 203 203 203 203 203 203 203 203 203 203 203 203 204 202 118 7 20 0 0 0 0 0 0 0 0 0 0 0 0 0 0 0 0 0 0 
0 0 0 0 0 0 0 0 0 0 0 0 0 0 0 0 0 0 0 0 0 0 31 15 120 171 168 167 168 165 145 124 151 213 247 247 245 245 245 245 245 245 245 245 245 245 244 243 237 231 223 222 232 238 239 239 239 239 239 239 239 239 239 239 239 239 235 224 215 207 112 156 188 186 186 186 185 185 185 185 185 185 185 185 185 188 130 133 206 203 203 203 203 203 203 203 203 203 203 203 203 203 203 203 203 203 205 179 70 0 0 0 0 0 0 0 0 0 0 0 0 0 0 0 0 0 0 0 
0 0 0 0 0 0 0 0 0 0 0 0 0 0 0 0 0 0 0 0 0 0 2 0 82 166 169 168 149 119 146 207 243 247 245 245 245 245 245 245 245 245 245 245 245 245 244 242 239 236 232 236 239 239 239 239 239 239 239 239 239 239 239 239 239 237 226 216 215 147 127 186 186 187 187 187 187 186 185 185 185 185 185 185 185 188 137 143 206 203 203 203 203 203 203 203 203 203 203 203 203 203 203 203 203 203 203 202 121 0 9 0 0 0 0 0 0 0 0 0 0 0 0 0 0 0 0 0 
0 0 0 0 0 0 0 0 0 0 0 0 0 0 0 0 0 0 0 0 0 0 0 0 37 141 161 118 132 202 244 248 245 245 245 245 245 245 245 245 245 245 245 245 245 244 244 242 240 239 238 239 239 239 239 239 239 239 239 239 239 239 239 239 239 231 217 215 188 111 178 186 185 187 188 188 188 187 186 185 185 185 185 185 185 188 136 149 205 203 203 203 203 203 203 203 203 203 203 203 203 203 203 203 203 203 203 205 157 33 61 0 0 0 0 0 0 0 0 0 0 0 0 0 0 0 0 0 
0 0 0 0 0 0 0 0 0 0 0 0 0 0 0 0 0 0 0 0 0 0 0 8 0 66 107 170 238 248 245 245 245 245 245 245 245 245 245 245 245 245 245 245 245 244 243 241 240 239 239 239 239 239 239 239 239 239 239 239 239 239 239 239 237 224 214 214 130 146 187 185 185 186 187 188 189 188 188 187 186 185 185 185 185 187 111 149 205 203 203 203 203 203 203 203 203 203 203 203 203 203 204 204 205 204 204 203 182 61 0 0 0 0 0 0 0 0 0 0 0 0 0 0 0 0 0 0 
0 0 0 0 0 0 0 0 0 0 0 0 0 0 0 0 0 0 0 0 0 0 0 123 12 90 206 247 246 245 245 245 245 245 245 245 245 245 245 245 245 245 245 245 244 244 242 240 239 239 239 239 239 239 239 239 239 239 239 239 239 239 239 239 234 218 214 199 110 177 185 185 185 185 186 187 188 189 189 188 188 186 185 187 179 129 59 158 204 203 203 203 203 203 203 203 203 203 203 203 203 204 206 207 207 206 205 203 198 105 0 5 0 0 0 0 0 0 0 0 0 0 0 0 0 0 0 0 
0 0 0 0 0 0 0 0 0 0 0 0 0 0 0 0 0 0 0 0 0 0 0 50 142 227 248 245 245 245 245 245 245 245 245 245 245 245 245 245 245 245 245 244 244 243 241 240 239 239 239 239 239 239 239 239 239 239 239 239 239 239 239 239 230 215 216 164 125 187 185 185 185 185 185 186 188 189 189 189 189 190 187 157 109 127 110 170 203 203 204 204 204 203 203 203 203 203 203 203 203 204 207 208 208 207 207 204 200 142 20 33 0 0 0 0 0 0 0 0 0 0 0 0 0 0 0 0 
0 0 0 0 0 0 0 0 0 0 0 0 0 0 0 0 0 0 0 0 0 0 58 168 241 247 245 245 245 245 245 245 245 245 245 245 245 245 245 245 245 245 245 244 243 242 241 240 239 239 239 239 239 239 239 239 239 239 239 239 239 239 239 238 226 214 216 140 146 187 185 185 185 185 185 185 187 189 190 191 185 157 122 120 162 183 114 177 201 203 203 205 205 204 204 203 203 203 203 203 203 204 207 208 208 208 207 204 199 165 51 207 0 0 0 0 0 0 0 0 0 0 0 0 0 0 0 0 
0 0 0 0 0 0 0 0 0 0 0 0 0 0 0 0 0 0 0 0 89 36 163 243 246 245 245 245 245 245 245 245 245 245 245 245 245 245 245 245 245 245 244 243 242 241 240 239 239 239 239 239 239 239 239 239 239 239 239 239 239 239 239 238 225 214 214 129 160 187 185 185 185 185 185 186 188 188 166 138 116 120 153 187 188 177 111 181 198 203 203 205 206 206 205 204 203 203 203 203 203 204 206 207 208 208 207 205 200 175 67 0 0 0 0 0 0 0 0 0 0 0 0 0 0 0 0 0 
0 0 0 0 0 0 0 0 0 0 0 0 0 0 0 0 0 0 0 7 0 115 235 246 245 245 245 245 245 245 245 245 245 245 245 245 245 245 245 245 244 244 244 243 242 241 240 239 239 239 239 239 239 239 239 239 239 239 239 239 239 239 239 237 224 214 213 125 163 187 187 187 188 186 176 158 138 126 103 127 170 189 190 189 189 171 114 184 193 201 204 206 207 207 207 206 205 204 203 203 203 204 206 207 207 207 207 206 199 179 75 0 0 0 0 0 0 0 0 0 0 0 0 0 0 0 0 0 
0 0 0 0 0 0 0 0 0 0 0 0 0 0 0 0 0 0 0 255 38 189 248 245 246 246 245 245 245 245 245 245 245 245 245 245 245 245 245 245 244 244 243 242 241 240 239 239 239 239 239 239 239 239 239 239 239 239 239 239 239 239 239 237 224 214 214 119 152 174 159 147 137 120 107 119 143 165 183 191 190 189 188 189 190 161 122 187 188 197 204 206 207 207 207 207 206 206 205 205 205 205 206 207 207 207 207 206 198 181 83 0 0 0 0 0 0 0 0 0 0 0 0 0 0 0 0 0 
0 0 0 0 0 0 0 0 0 0 0 0 0 0 0 0 0 0 0 0 82 230 245 245 247 247 246 246 246 245 245 245 245 245 245 245 245 245 245 244 244 243 242 241 240 239 239 239 239 239 239 239 239 239 239 239 239 239 239 239 239 239 239 237 224 214 214 105 84 105 112 130 140 156 176 185 187 187 188 188 189 189 189 189 191 149 129 190 187 192 201 206 207 207 207 207 207 207 207 207 206 206 206 207 207 207 207 205 196 183 91 0 0 0 0 0 0 0 0 0 0 0 0 0 0 0 0 0 
0 0 0 0 0 0 0 0 0 0 0 0 0 0 0 0 0 0 0 0 113 240 244 246 247 247 247 247 246 246 245 245 245 245 245 245 245 245 244 244 243 243 241 240 240 239 239 239 239 239 239 239 239 239 239 239 239 239 239 239 239 239 239 236 223 214 211 105 155 181 185 188 188 187 185 185 185 185 187 188 188 189 188 188 190 140 139 190 188 189 193 200 205 207 208 208 208 208 207 207 207 207 207 207 206 206 206 204 193 184 92 0 0 0 0 0 0 0 0 0 0 0 0 0 0 0 0 0 
0 0 0 0 0 0 0 0 0 0 0 0 0 0 0 0 0 0 0 0 103 234 243 246 247 247 247 247 247 246 245 245 245 245 245 245 245 244 244 243 242 241 240 240 239 239 239 239 239 239 239 239 239 239 239 239 239 239 239 239 239 239 239 234 222 214 210 104 164 187 187 187 187 186 185 185 185 185 186 187 188 188 188 187 189 129 148 189 188 188 189 191 196 201 205 207 208 208 207 207 207 206 206 206 206 206 206 202 190 184 90 0 0 0 0 0 0 0 0 0 0 0 0 0 0 0 0 0 
0 0 0 0 0 0 0 0 0 0 0 0 0 0 0 0 0 0 0 0 70 214 241 244 247 247 247 247 247 247 246 245 245 245 245 244 244 244 243 242 241 240 240 239 239 239 239 239 239 239 239 239 239 239 239 239 239 239 239 239 239 239 239 232 219 214 211 106 162 188 187 187 188 187 186 185 185 185 186 187 188 188 188 187 187 119 150 188 187 188 188 188 189 191 194 197 200 203 205 205 204 204 205 206 207 206 206 199 188 181 82 0 0 0 0 0 0 0 0 0 0 0 0 0 0 0 0 0 
0 0 0 0 0 0 0 0 0 0 0 0 0 0 0 0 0 0 0 255 43 186 234 241 244 246 247 247 247 246 245 245 245 244 244 244 244 243 242 241 240 240 239 239 239 239 239 239 239 239 239 239 239 239 239 239 239 239 239 239 239 239 238 228 217 213 211 102 161 188 187 187 187 187 186 185 185 185 186 187 188 188 188 187 187 112 147 187 186 188 188 188 188 188 188 189 190 191 194 199 202 201 203 204 206 207 205 196 188 174 65 0 0 0 0 0 0 0 0 0 0 0 0 0 0 0 0 0 
0 0 0 0 0 0 0 0 0 0 0 0 0 0 0 0 0 0 0 30 19 152 223 231 240 243 245 246 246 245 244 244 244 244 244 243 242 241 241 240 239 239 239 239 239 239 239 239 239 239 239 239 239 239 239 239 239 239 239 239 239 239 235 222 214 214 207 106 170 187 187 186 186 186 185 185 185 185 185 187 188 189 188 188 189 113 129 188 186 187 188 188 188 187 188 188 187 187 186 191 195 196 202 203 204 204 200 192 189 163 51 141 0 0 0 0 0 0 0 0 0 0 0 0 0 0 0 0 
0 0 0 0 0 0 0 0 0 0 0 0 0 0 0 0 0 0 0 2 0 99 200 221 229 237 241 242 243 243 243 243 243 242 242 242 241 240 240 239 239 239 239 239 239 239 239 239 239 239 239 239 239 239 239 239 239 239 239 239 239 237 227 216 213 216 175 110 185 186 186 185 185 185 185 185 185 185 185 186 188 188 189 188 190 131 119 188 186 187 187 188 187 186 186 186 186 186 185 186 188 190 198 202 200 196 193 189 191 144 27 37 0 0 0 0 0 0 0 0 0 0 0 0 0 0 0 0 
0 0 0 0 0 0 0 0 0 0 0 0 0 0 0 0 0 0 0 0 44 27 133 209 218 224 232 239 241 241 241 241 241 241 241 240 240 239 239 239 239 239 239 239 239 239 239 239 239 239 239 239 239 239 239 239 239 239 239 239 238 230 219 214 214 211 113 145 187 185 185 185 185 185 185 185 185 185 185 185 186 188 188 189 191 150 105 187 186 187 187 187 186 185 185 185 185 185 185 185 185 186 191 196 193 188 188 189 189 111 0 7 0 0 0 0 0 0 0 0 0 0 0 0 0 0 0 0 
0 0 0 0 0 0 0 0 0 0 0 0 0 0 0 0 0 0 0 0 0 103 40 146 214 216 220 226 235 240 240 240 240 240 240 239 239 239 239 239 239 239 239 239 239 239 239 239 239 239 239 239 239 239 239 239 239 239 239 238 230 220 214 213 217 156 92 181 185 185 185 185 185 185 185 185 185 185 185 185 185 187 188 188 190 169 103 182 186 186 186 186 186 185 185 185 185 185 185 185 185 185 187 190 187 185 187 189 167 62 0 0 0 0 0 0 0 0 0 0 0 0 0 0 0 0 0 0 
0 0 0 0 0 0 0 0 0 0 0 0 0 0 0 0 0 0 0 0 0 0 0 54 151 212 215 216 221 230 236 239 239 239 239 239 239 239 239 239 239 239 239 239 239 239 239 239 239 239 239 239 239 239 239 239 239 239 236 229 220 214 214 215 176 91 155 187 185 185 185 185 185 185 185 185 185 185 185 185 185 185 186 188 188 182 99 166 186 185 186 186 185 185 185 185 185 185 185 185 185 185 185 186 185 185 186 188 111 6 16 0 0 0 0 0 0 0 0 0 0 0 0 0 0 0 0 0 
0 0 0 0 0 0 0 0 0 0 0 0 0 0 0 0 0 0 0 0 0 0 0 0 55 133 198 216 215 216 221 227 233 237 238 239 239 239 239 239 239 239 239 239 239 239 239 239 239 239 239 239 239 239 239 239 237 233 225 218 214 214 214 159 100 158 187 185 185 185 185 185 185 185 185 185 185 185 185 185 185 185 185 186 186 188 119 122 188 185 185 185 185 185 185 185 185 185 185 185 185 185 185 185 185 185 187 164 52 0 0 0 0 0 0 0 0 0 0 0 0 0 0 0 0 0 0 0 
0 0 0 0 0 0 0 0 0 0 0 0 0 0 0 0 0 0 0 0 0 0 0 0 252 23 101 167 205 215 214 215 219 224 228 232 235 237 238 239 239 239 239 239 239 239 239 239 239 239 239 238 238 237 234 229 223 218 215 214 216 210 151 113 170 187 185 185 185 185 185 185 185 185 185 185 185 185 185 185 185 185 185 185 185 186 166 82 163 187 185 185 185 185 185 185 185 185 185 185 185 185 185 185 185 187 181 98 4 17 0 0 0 0 0 0 0 0 0 0 0 0 0 0 0 0 0 0 
0 0 0 0 0 0 0 0 0 0 0 0 0 0 0 0 0 0 0 0 0 0 0 0 0 8 0 45 115 179 209 215 214 214 216 218 220 223 226 229 230 231 232 233 234 234 234 233 233 232 230 228 226 223 219 216 214 214 216 210 180 137 149 196 194 187 185 185 185 185 185 185 185 185 185 185 185 185 185 185 185 185 185 185 185 185 187 131 79 167 187 185 185 185 185 185 185 185 185 185 185 185 185 185 187 181 109 24 0 0 0 0 0 0 0 0 0 0 0 0 0 0 0 0 0 0 0 0 
0 0 0 0 0 0 0 0 0 0 0 0 0 0 0 0 0 0 0 0 0 0 0 0 0 0 0 27 5 64 125 169 197 212 217 216 214 214 214 215 216 217 218 218 218 218 218 218 217 217 216 215 214 214 215 216 213 199 170 138 145 189 216 215 210 204 197 191 188 186 185 185 185 185 185 185 185 185 185 185 185 185 185 185 185 185 185 184 120 77 152 187 186 185 185 185 185 185 185 185 185 185 185 187 173 98 23 0 0 0 0 0 0 0 0 0 0 0 0 0 0 0 0 0 0 0 0 0 
0 0 0 0 0 0 0 0 0 0 0 0 0 0 0 0 0 0 0 0 0 0 0 0 0 0 0 0 0 0 0 47 83 110 141 173 203 213 216 216 216 215 215 215 215 215 215 215 216 216 216 214 211 204 190 163 132 130 158 196 216 218 216 216 216 215 213 210 205 200 195 191 187 186 185 185 185 185 185 185 185 185 185 185 185 185 185 185 186 144 99 142 178 185 185 185 185 185 185 185 185 186 185 156 70 8 162 0 0 0 0 0 0 0 0 0 0 0 0 0 0 0 0 0 0 0 0 0 
0 0 0 0 0 0 0 0 0 0 0 0 0 0 0 0 0 0 0 0 0 0 0 0 0 0 0 0 0 0 0 0 14 0 82 145 142 143 145 156 175 181 185 191 192 190 187 177 167 159 150 141 133 133 137 157 185 210 218 217 216 216 216 216 216 216 216 216 216 215 213 210 205 200 194 190 187 185 185 185 185 187 187 186 185 185 185 185 185 187 178 148 156 185 185 185 185 185 185 185 181 166 122 99 126 62 0 0 0 0 0 0 0 0 0 0 0 0 0 0 0 0 0 0 0 0 0 0 
0 0 0 0 0 0 0 0 0 0 0 0 0 0 0 0 0 0 0 0 0 0 0 0 0 0 0 0 0 0 0 0 144 60 184 222 213 199 178 161 151 139 140 139 137 137 142 148 156 167 177 189 200 210 216 219 218 216 216 216 216 216 216 216 216 216 216 216 216 216 216 216 215 214 211 205 199 193 189 187 187 190 190 188 186 185 185 185 185 185 185 187 185 185 185 185 186 187 187 183 159 146 157 179 187 118 0 10 0 0 0 0 0 0 0 0 0 0 0 0 0 0 0 0 0 0 0 0 
0 0 0 0 0 0 0 0 0 0 0 0 0 0 0 0 0 0 0 0 0 0 0 0 0 0 0 0 0 0 0 2 0 107 211 219 218 218 219 220 221 220 220 218 217 217 217 219 220 220 219 219 219 218 218 217 216 216 216 216 216 217 217 216 216 216 216 216 216 216 216 217 217 215 213 209 206 203 200 197 195 195 194 191 188 187 186 185 185 185 185 185 185 185 185 185 186 187 188 188 187 187 187 186 187 146 35 44 0 0 0 0 0 0 0 0 0 0 0 0 0 0 0 0 0 0 0 0 
0 0 0 0 0 0 0 0 0 0 0 0 0 0 0 0 0 0 0 0 0 0 0 0 0 0 0 0 0 0 0 30 19 153 219 217 217 216 216 217 217 218 219 219 219 218 217 216 216 216 216 216 217 218 218 218 217 216 216 216 216 217 217 216 216 216 216 216 216 216 216 218 218 217 212 209 206 204 203 200 197 194 193 191 189 188 188 187 187 186 185 185 185 185 185 185 187 188 189 189 188 188 186 185 186 165 55 255 0 0 0 0 0 0 0 0 0 0 0 0 0 0 0 0 0 0 0 0 
0 0 0 0 0 0 0 0 0 0 0 0 0 0 0 0 0 0 0 0 0 0 0 0 0 0 0 0 0 0 0 163 54 185 218 216 216 216 216 216 217 218 218 219 219 219 218 217 216 216 216 216 216 217 218 218 218 218 217 216 217 217 217 216 216 216 216 216 216 216 217 218 219 218 215 211 207 204 203 201 198 193 190 189 189 188 189 188 188 188 187 187 186 185 185 185 186 188 188 189 189 188 188 186 185 180 82 0 0 0 0 0 0 0 0 0 0 0 0 0 0 0 0 0 0 0 0 0 
0 0 0 0 0 0 0 0 0 0 0 0 0 0 0 0 0 0 0 0 0 0 0 0 0 0 0 0 0 0 0 0 87 205 216 216 216 216 216 216 216 217 218 219 219 219 219 218 217 216 216 216 216 216 217 218 218 218 217 217 217 217 217 216 216 216 216 216 216 216 217 218 219 219 218 214 210 207 205 203 202 198 194 191 190 189 188 189 189 189 188 188 188 187 185 185 185 186 188 188 189 189 188 187 186 187 112 0 4 0 0 0 0 0 0 0 0 0 0 0 0 0 0 0 0 0 0 0 
0 0 0 0 0 0 0 0 0 0 0 0 0 0 0 0 0 0 0 0 0 0 0 0 0 0 0 0 0 0 0 0 111 216 216 216 216 216 216 216 216 216 218 219 219 219 219 219 218 216 216 216 216 216 216 218 218 218 218 218 217 217 217 216 216 216 216 216 216 216 216 217 218 218 218 215 212 209 207 205 204 203 201 198 194 191 189 189 189 189 189 189 188 187 186 185 185 185 186 187 188 188 188 188 187 189 134 15 24 0 0 0 0 0 0 0 0 0 0 0 0 0 0 0 0 0 0 0 
0 0 0 0 0 0 0 0 0 0 0 0 0 0 0 0 0 0 0 0 0 0 0 0 0 0 0 0 0 0 10 4 138 218 216 216 216 216 216 216 216 216 217 218 219 219 219 219 219 217 216 216 216 216 216 217 218 219 219 218 218 217 217 216 216 216 216 216 216 216 216 216 216 217 216 215 212 210 208 207 206 205 205 203 198 194 191 189 188 188 189 189 188 187 186 185 185 185 185 185 186 187 187 187 187 189 152 31 72 0 0 0 0 0 0 0 0 0 0 0 0 0 0 0 0 0 0 0 
0 0 0 0 0 0 0 0 0 0 0 0 0 0 0 0 0 0 0 0 0 0 0 0 0 0 0 0 0 0 46 28 165 219 216 216 216 216 216 216 216 217 217 218 219 219 219 219 219 218 216 216 216 216 216 216 218 219 219 219 219 218 217 217 216 216 216 216 216 216 216 216 216 216 215 214 212 210 209 208 207 207 206 203 199 194 190 189 189 189 189 188 188 187 186 185 185 185 185 185 185 185 185 186 187 189 164 45 255 0 0 0 0 0 0 0 0 0 0 0 0 0 0 0 0 0 0 0 
0 0 0 0 0 0 0 0 0 0 0 0 0 0 0 0 0 0 0 0 0 0 0 0 0 0 0 0 0 0 197 50 187 219 216 216 216 216 216 216 216 217 217 218 218 219 219 219 219 218 217 216 216 216 216 216 218 219 219 219 219 219 218 217 217 216 216 216 216 216 216 216 216 216 215 213 212 210 209 208 208 207 206 203 198 193 191 189 189 189 189 188 188 186 185 185 185 185 185 185 185 185 185 185 186 188 177 66 0 0 0 0 0 0 0 0 0 0 0 0 0 0 0 0 0 0 0 0 
0 0 0 0 0 0 0 0 0 0 0 0 0 0 0 0 0 0 0 0 0 0 0 0 0 0 0 0 0 0 0 72 202 219 217 216 216 216 216 216 216 217 217 218 218 219 219 219 219 218 217 216 216 216 216 216 218 219 219 219 219 219 219 218 218 217 216 216 216 216 216 216 216 215 214 213 211 209 208 207 207 207 206 203 198 194 191 189 189 189 189 188 188 187 185 185 185 185 185 185 185 185 185 185 186 188 185 82 0 0 0 0 0 0 0 0 0 0 0 0 0 0 0 0 0 0 0 0 
0 0 0 0 0 0 0 0 0 0 0 0 0 0 0 0 0 0 0 0 0 0 0 0 0 0 0 0 0 0 0 91 211 219 218 217 216 216 216 216 216 217 217 218 218 219 219 219 218 218 217 216 216 216 216 216 218 219 219 219 219 219 219 219 218 217 216 216 216 216 216 216 216 215 214 213 211 209 207 206 206 205 204 202 199 195 192 190 189 188 188 188 188 187 186 185 185 185 185 185 185 185 185 185 186 188 189 99 0 1 0 0 0 0 0 0 0 0 0 0 0 0 0 0 0 0 0 0 
0 0 0 0 0 0 0 0 0 0 0 0 0 0 0 0 0 0 0 0 0 0 0 0 0 0 0 0 0 0 0 119 217 219 219 218 217 216 216 216 216 216 217 217 218 218 218 218 218 218 217 216 216 216 216 216 217 219 219 219 219 219 219 219 219 218 217 216 216 216 216 216 216 216 215 213 210 208 207 206 205 206 206 205 202 196 191 188 188 187 187 187 187 187 186 185 185 185 185 185 185 185 185 185 186 188 190 111 0 4 0 0 0 0 0 0 0 0 0 0 0 0 0 0 0 0 0 0 
0 0 0 0 0 0 0 0 0 0 0 0 0 0 1 1 0 0 0 0 0 0 0 0 0 0 0 0 0 2 0 129 218 218 219 219 218 218 217 216 216 216 216 216 217 218 218 217 217 217 216 216 216 216 216 216 216 218 219 219 219 219 219 219 219 218 218 216 216 216 216 216 217 217 215 212 210 209 207 206 205 205 206 205 199 192 189 188 187 186 186 186 186 187 187 187 186 185 185 185 185 185 185 185 185 187 190 121 3 8 0 0 0 0 0 0 0 0 0 0 0 0 0 0 0 0 0 0 
0 0 0 0 0 0 0 0 0 0 0 0 0 1 0 70 112 88 54 14 0 0 0 0 0 0 0 0 0 8 2 139 217 218 219 219 219 219 218 217 216 216 216 216 216 216 217 217 217 216 216 216 216 216 216 216 216 216 217 219 219 219 219 219 219 219 218 217 216 216 216 216 217 216 214 212 210 208 206 205 204 204 203 198 192 189 188 188 187 185 185 185 186 187 188 188 187 186 185 185 185 185 185 185 185 186 190 125 6 11 0 0 0 0 0 0 0 0 0 0 0 0 0 0 0 0 0 0 
0 0 0 0 0 0 0 0 0 0 0 0 0 0 0 81 193 204 183 139 98 66 50 43 25 12 4 4 0 0 7 142 214 217 218 219 219 219 219 218 216 216 216 216 216 216 216 216 216 216 216 216 216 216 216 216 216 216 216 217 219 219 219 219 219 219 218 217 216 216 216 216 216 215 213 211 209 207 206 204 203 200 195 190 189 188 189 188 187 185 185 185 185 186 187 188 188 188 186 185 185 185 185 185 185 186 190 122 4 9 0 0 0 0 0 0 0 0 0 0 0 0 0 0 0 0 0 0 
0 0 0 0 0 0 0 0 0 0 0 0 0 0 42 21 137 201 201 198 184 166 154 144 130 117 109 109 101 106 71 128 207 214 218 219 219 219 219 218 217 216 216 216 216 216 216 216 216 216 216 216 216 216 216 216 216 216 216 216 218 219 219 219 219 219 219 218 217 216 216 215 214 213 211 209 208 206 204 203 199 193 189 188 189 189 189 188 187 185 185 185 185 186 187 188 188 188 188 187 186 186 186 186 186 187 190 125 6 11 0 0 0 0 0 0 0 0 0 0 0 0 0 0 0 0 0 0 
0 0 0 0 0 0 0 0 0 0 0 0 0 0 0 0 75 174 184 182 176 170 168 167 168 168 168 167 167 170 124 125 200 208 214 218 219 219 219 219 218 216 216 216 216 216 216 216 216 216 216 216 216 216 216 216 216 216 216 216 216 218 218 219 219 219 219 218 217 216 215 214 212 210 209 207 206 205 204 201 197 193 190 189 189 189 189 188 188 186 185 185 185 185 186 187 188 188 188 188 187 188 188 189 189 189 190 112 0 4 0 0 0 0 0 0 0 0 0 0 0 0 0 0 0 0 0 0 
0 0 0 0 0 0 0 0 0 0 0 0 0 0 0 46 20 115 173 170 168 166 166 165 165 165 165 165 165 167 136 125 192 200 208 213 217 218 219 218 218 217 216 216 216 216 216 216 216 216 217 217 216 216 216 216 216 216 216 216 216 217 218 218 218 218 218 217 216 215 214 212 210 208 206 205 204 204 203 200 196 191 188 187 188 188 189 189 188 187 185 186 187 185 185 186 186 187 187 187 187 188 189 160 130 164 190 102 0 2 0 0 0 0 0 0 0 0 0 0 0 0 0 0 0 0 0 0 
0 0 0 0 0 0 0 0 0 0 0 0 0 0 0 0 0 44 137 167 166 165 166 166 166 165 165 165 166 167 143 111 188 191 199 206 210 214 217 218 217 217 216 216 216 216 216 216 216 216 217 218 217 216 216 216 216 216 216 216 216 217 218 218 217 217 216 216 215 214 212 210 208 206 204 203 203 204 202 196 190 186 185 186 187 188 188 189 188 187 186 178 159 181 185 185 185 185 185 185 187 182 140 145 167 106 184 86 0 0 0 0 0 0 0 0 0 0 0 0 0 0 0 0 0 0 0 0 
0 0 0 0 0 0 0 0 0 0 0 0 0 0 0 0 4 0 62 152 166 165 166 166 166 165 165 165 165 167 146 89 183 187 190 197 203 207 210 213 215 216 216 216 216 216 216 216 216 216 216 217 217 216 216 216 216 216 216 216 217 217 217 217 216 216 215 214 213 211 209 207 205 203 203 203 202 198 193 188 186 185 185 186 186 187 188 188 188 188 179 136 123 116 185 185 185 185 185 186 166 121 161 226 203 92 171 70 0 0 0 0 0 0 0 0 0 0 0 0 0 0 0 0 0 0 0 0 
0 0 0 0 0 0 0 0 0 0 0 0 0 0 0 0 0 30 8 94 163 166 166 166 166 165 165 165 165 166 157 81 171 187 187 189 193 199 203 205 208 211 213 215 216 216 216 216 216 216 216 216 216 216 216 216 216 216 216 217 217 217 217 216 215 214 212 210 208 206 205 203 203 202 200 196 192 187 185 185 186 186 186 187 187 187 187 187 188 188 138 182 228 103 145 187 185 186 184 143 121 192 228 217 194 93 143 40 106 0 0 0 0 0 0 0 0 0 0 0 0 0 0 0 0 0 0 0 
0 0 0 0 0 0 0 0 0 0 0 0 0 0 0 0 0 0 0 31 115 165 166 165 165 165 165 165 166 167 167 91 152 188 186 187 188 190 194 198 202 204 206 208 211 213 214 215 215 215 215 216 216 216 216 216 215 216 216 216 215 214 212 210 209 207 206 204 203 203 202 201 198 194 190 186 185 185 185 185 187 188 188 188 188 188 187 187 188 165 139 232 236 190 95 170 187 169 127 148 215 225 209 197 189 95 95 13 13 0 0 0 0 0 0 0 0 0 0 0 0 0 0 0 0 0 0 0 
0 0 0 0 0 0 0 0 0 0 0 0 0 0 0 0 0 0 1 0 41 127 167 166 165 165 165 166 166 167 170 112 129 189 186 186 187 188 188 189 192 196 199 202 204 205 207 208 209 210 210 211 211 211 211 211 210 211 210 210 208 206 205 204 203 202 202 201 199 197 195 191 188 186 185 185 185 185 185 185 187 188 188 188 188 188 188 188 185 126 200 238 222 220 164 118 134 135 185 225 217 203 193 189 190 108 21 0 1 0 0 0 0 0 0 0 0 0 0 0 0 0 0 0 0 0 0 0 
0 0 0 0 0 0 0 0 0 0 0 0 0 0 0 0 0 0 0 3 0 53 134 167 166 166 166 166 167 167 170 139 108 188 186 186 186 187 188 187 186 187 189 192 195 198 200 200 201 203 204 204 204 204 203 203 203 204 205 204 203 201 199 199 197 195 193 191 189 187 186 185 185 185 185 185 185 185 185 185 187 188 189 189 189 189 188 190 154 157 238 227 212 208 215 199 197 222 223 208 197 191 189 188 190 151 27 0 27 59 93 101 52 0 0 0 0 0 0 0 0 0 0 0 0 0 0 0 
0 0 0 0 0 0 0 0 0 0 0 0 0 0 0 0 0 0 0 0 4 0 61 140 168 167 167 167 167 168 168 158 99 180 187 186 186 186 187 187 186 186 186 186 186 187 188 189 190 192 194 195 196 196 195 194 194 194 195 195 193 190 189 188 187 186 185 185 185 185 185 185 185 185 185 185 185 185 185 185 187 188 189 189 189 189 189 179 127 218 234 217 203 198 198 207 215 209 200 193 190 188 188 188 188 184 90 109 154 180 201 200 65 0 0 0 0 0 0 0 0 0 0 0 0 0 0 0 
0 0 0 0 0 0 0 0 0 0 0 0 0 0 0 0 0 0 0 0 0 10 0 62 137 169 168 168 168 168 168 168 106 154 190 187 186 185 185 186 186 186 186 186 186 186 185 185 185 186 187 187 188 188 187 186 186 186 187 188 187 186 185 185 185 185 185 185 185 185 185 185 185 185 185 185 185 185 185 185 187 188 189 189 189 188 190 142 169 239 225 205 195 191 190 191 194 193 191 189 188 188 188 188 188 189 171 180 204 208 217 164 24 0 0 0 0 0 0 0 0 0 0 0 0 0 0 0 
0 0 0 0 0 0 0 0 0 0 0 0 0 0 0 0 0 0 0 0 0 0 5 0 46 126 170 169 168 168 168 169 137 109 188 188 186 185 185 185 185 185 185 186 186 187 186 185 185 185 186 187 188 188 187 187 186 186 186 187 187 186 185 185 185 185 185 185 185 185 185 185 185 185 185 185 185 185 185 186 187 188 189 189 189 189 176 129 226 233 214 196 190 188 188 188 188 189 188 188 188 188 188 188 188 188 190 192 196 203 202 93 0 2 0 0 0 0 0 0 0 0 0 0 0 0 0 0 
0 0 0 0 0 0 0 0 0 0 0 0 0 0 0 0 0 0 0 0 0 0 0 1 0 38 119 168 169 168 168 168 161 82 158 190 187 186 185 185 185 185 185 185 186 187 187 186 185 185 186 186 187 188 188 187 187 186 186 186 187 187 186 186 185 185 185 185 185 185 185 185 185 185 185 185 185 185 185 186 187 188 189 189 188 190 147 181 240 225 203 192 189 188 188 188 188 188 188 188 188 188 188 188 188 188 190 193 198 204 146 32 65 0 0 0 0 0 0 0 0 0 0 0 0 0 0 0 
0 0 0 0 0 0 0 0 0 0 0 0 0 0 0 0 0 0 0 0 0 0 0 0 0 0 29 109 165 170 168 168 170 124 89 182 188 186 185 185 185 185 185 185 185 186 187 187 186 185 185 186 187 187 188 188 187 187 186 186 186 187 187 186 185 185 185 185 185 185 185 185 185 185 185 185 185 185 185 186 187 188 188 188 189 182 134 223 235 216 197 190 188 188 188 188 188 187 188 188 188 188 188 188 188 188 191 193 199 155 48 0 1 0 0 0 0 0 0 0 0 0 0 0 0 0 0 0 
0 0 0 0 0 0 0 0 0 0 0 0 0 0 0 0 0 0 0 0 0 0 0 0 0 0 0 18 85 156 170 169 168 166 101 128 190 187 186 185 185 185 185 185 185 185 186 187 187 186 185 185 186 186 187 187 187 187 186 186 185 185 185 185 185 185 185 185 185 186 186 186 186 185 185 185 185 185 185 185 186 187 188 188 190 155 162 240 229 207 193 189 188 187 188 188 188 188 188 188 188 188 188 188 188 188 190 192 180 95 0 5 0 0 0 0 0 0 0 0 0 0 0 0 0 0 0 0 
0 0 0 0 0 0 0 0 0 0 0 0 0 0 0 0 0 0 0 0 0 0 0 0 0 0 0 0 7 62 136 169 169 168 158 86 147 190 187 186 185 185 185 185 185 185 185 186 187 187 186 185 185 185 186 186 186 186 186 185 185 185 185 185 185 185 185 185 185 186 187 187 186 185 185 185 185 185 185 185 185 186 186 186 187 126 201 239 222 201 192 188 187 188 188 188 188 188 188 188 188 188 188 188 188 188 188 187 116 18 35 0 0 0 0 0 0 0 0 0 0 0 0 0 0 0 0 0 
0 0 0 0 0 0 0 0 0 0 0 0 0 0 0 0 0 0 0 0 0 0 0 0 0 0 0 0 0 0 33 102 160 170 169 137 64 148 190 187 186 185 185 185 185 185 185 186 187 188 187 186 185 185 185 185 185 185 185 185 185 185 185 185 185 185 185 185 185 186 186 187 187 186 185 185 185 185 185 185 185 185 185 186 174 120 228 234 215 197 190 188 187 188 188 188 188 188 188 188 188 188 188 188 188 188 189 139 40 0 0 0 0 0 0 0 0 0 0 0 0 0 0 0 0 0 0 0 
0 0 0 0 0 0 0 0 0 0 0 0 0 0 0 0 0 0 0 0 0 0 0 0 0 0 0 0 0 0 0 13 68 133 166 170 124 59 149 190 187 185 185 185 185 185 185 185 186 188 188 187 186 185 185 185 185 185 185 185 185 185 185 185 185 185 185 185 185 185 185 186 187 187 185 185 185 185 185 185 185 185 185 187 155 143 239 229 208 194 189 188 188 188 188 188 188 188 188 188 188 188 188 188 187 189 159 61 0 2 0 0 0 0 0 0 0 0 0 0 0 0 0 0 0 0 0 0 
0 0 0 0 0 0 0 0 0 0 0 0 0 0 0 0 0 0 0 0 0 0 0 0 0 0 0 0 0 0 0 0 0 28 82 140 168 123 61 152 189 186 185 185 185 185 185 185 185 186 188 188 187 185 185 185 185 185 185 185 185 185 185 185 185 185 185 185 185 185 185 185 186 186 186 185 185 185 185 185 185 185 185 188 137 165 240 224 202 192 188 188 188 188 188 188 188 188 188 188 188 188 188 187 189 169 74 0 8 0 0 0 0 0 0 0 0 0 0 0 0 0 0 0 0 0 0 0 
0 0 0 0 0 0 0 0 0 0 0 0 0 0 0 0 0 0 0 0 0 0 0 0 0 0 0 0 0 0 0 0 0 0 3 35 89 140 121 69 156 189 186 186 185 185 185 185 185 185 186 187 187 185 185 185 185 185 185 185 185 185 185 185 185 185 185 185 185 185 185 185 185 185 185 185 185 185 185 185 185 185 185 187 126 187 238 220 199 191 188 187 188 188 188 188 188 188 188 188 188 188 187 189 174 85 5 22 0 0 0 0 0 0 0 0 0 0 0 0 0 0 0 0 0 0 0 0 
0 0 0 0 0 0 0 0 0 0 0 0 0 0 0 0 0 0 0 0 0 0 0 0 0 0 0 0 0 0 0 0 0 0 0 0 2 39 92 83 55 140 185 186 185 185 185 185 185 185 185 185 185 185 185 185 185 185 185 185 185 185 185 185 185 185 185 185 185 185 185 185 185 185 185 185 185 185 185 185 185 185 185 186 117 197 237 217 197 190 188 188 188 188 188 188 188 188 188 188 188 188 189 179 89 8 42 0 0 0 0 0 0 0 0 0 0 0 0 0 0 0 0 0 0 0 0 0 
0 0 0 0 0 0 0 0 0 0 0 0 0 0 0 0 0 0 0 0 0 0 0 0 0 0 0 0 0 0 0 0 0 0 0 0 0 0 1 27 9 23 97 168 187 186 185 185 185 185 185 185 185 185 185 185 185 185 185 185 185 185 185 185 185 185 185 185 185 185 185 185 185 185 185 185 185 185 185 185 185 185 186 188 112 196 236 216 196 189 188 188 188 188 188 188 188 188 188 188 188 189 173 89 13 0 0 0 0 0 0 0 0 0 0 0 0 0 0 0 0 0 0 0 0 0 0 0 
0 0 0 0 0 0 0 0 0 0 0 0 0 0 0 0 0 0 0 0 0 0 0 0 0 0 0 0 0 0 0 0 0 0 0 0 0 0 0 0 0 0 6 52 120 175 187 186 185 185 185 185 185 185 185 185 185 185 185 185 185 185 185 185 185 185 185 185 185 185 185 185 185 185 185 186 186 187 187 186 182 176 160 146 84 186 236 216 197 189 188 188 188 188 188 188 187 188 188 188 190 165 73 6 0 0 0 0 0 0 0 0 0 0 0 0 0 0 0 0 0 0 0 0 0 0 0 0 
0 0 0 0 0 0 0 0 0 0 0 0 0 0 0 0 0 0 0 0 0 0 0 0 0 0 0 0 0 0 0 0 0 0 0 0 0 0 0 0 0 0 0 0 12 63 130 178 188 186 185 185 185 185 185 185 185 185 185 185 185 185 185 185 185 185 185 185 185 185 185 186 187 187 183 176 163 150 136 112 89 68 40 22 9 146 237 219 200 190 188 188 187 187 188 188 187 188 188 189 149 57 1 0 0 0 0 0 0 0 0 0 0 0 0 0 0 0 0 0 0 0 0 0 0 0 0 0 
0 0 0 0 0 0 0 0 0 0 0 0 0 0 0 0 0 0 0 0 0 0 0 0 0 0 0 0 0 0 0 0 0 0 0 0 0 0 0 0 0 0 0 2 0 24 57 82 130 172 187 188 186 185 185 185 185 185 185 185 185 185 185 185 185 185 185 186 187 187 184 171 146 116 92 75 53 36 19 1 0 0 0 0 0 80 222 225 205 191 188 187 187 188 188 187 188 190 180 119 38 0 16 0 0 0 0 0 0 0 0 0 0 0 0 0 0 0 0 0 0 0 0 0 0 0 0 0 
0 0 0 0 0 0 0 0 0 0 0 0 0 0 0 0 0 0 0 0 0 0 0 0 0 0 0 0 0 0 0 0 0 0 0 0 0 0 0 0 0 0 0 12 71 134 160 136 90 77 109 141 166 180 185 187 187 187 187 186 186 187 187 188 188 187 180 161 138 117 94 61 29 4 0 0 0 0 0 0 0 0 0 0 91 20 140 228 215 197 189 188 188 188 188 190 184 147 79 18 0 0 0 0 0 0 0 0 0 0 0 0 0 0 0 0 0 0 0 0 0 0 0 0 0 0 0 0 
0 0 0 0 0 0 0 0 0 0 0 0 0 0 0 0 0 0 0 0 0 0 0 0 0 0 0 0 0 0 0 0 0 0 0 0 0 0 0 0 0 0 24 91 157 170 168 170 169 153 126 111 97 102 118 132 145 149 154 162 165 160 152 144 128 105 77 44 20 3 0 0 0 0 0 0 0 0 0 0 0 0 0 0 0 0 31 136 211 211 198 192 190 190 181 146 89 36 0 0 0 0 0 0 0 0 0 0 0 0 0 0 0 0 0 0 0 0 0 0 0 0 0 0 0 0 0 0 
0 0 0 0 0 0 0 0 0 0 0 0 0 0 0 0 0 0 0 0 0 0 0 0 0 0 0 0 0 0 0 0 0 0 0 0 0 0 0 0 0 30 115 169 174 174 176 177 177 179 181 180 174 165 158 140 126 116 111 108 101 97 101 107 75 9 0 0 0 0 0 0 0 0 0 0 0 0 0 0 0 0 0 0 0 0 0 26 98 144 165 155 147 127 80 31 1 0 0 0 0 0 0 0 0 0 0 0 0 0 0 0 0 0 0 0 0 0 0 0 0 0 0 0 0 0 0 0 
0 0 0 0 0 0 0 0 0 0 0 0 0 0 0 0 0 0 0 0 0 0 0 0 0 0 0 0 0 0 0 0 0 0 0 0 0 0 0 0 34 125 185 189 192 196 199 201 201 201 200 199 196 193 190 187 185 182 179 176 173 172 172 171 161 68 0 1 0 0 0 0 0 0 0 0 0 0 0 0 0 0 0 0 0 0 0 0 0 9 40 35 30 12 0 0 0 0 0 0 0 0 0 0 0 0 0 0 0 0 0 0 0 0 0 0 0 0 0 0 0 0 0 0 0 0 0 0 
0 0 0 0 0 0 0 0 0 0 0 0 0 0 0 0 0 0 0 0 0 0 0 0 0 0 0 0 0 0 0 0 0 0 0 0 0 0 0 29 136 204 210 213 216 218 221 224 226 226 225 224 222 218 213 207 202 196 190 185 181 179 176 174 174 124 20 56 0 0 0 0 0 0 0 0 0 0 0 0 0 0 0 0 0 0 0 0 0 0 0 0 0 0 0 0 0 0 0 0 0 0 0 0 0 0 0 0 0 0 0 0 0 0 0 0 0 0 0 0 0 0 0 0 0 0 0 0 
0 0 0 0 0 0 0 0 0 0 0 0 0 0 0 0 0 0 0 0 0 0 0 0 0 0 0 0 0 0 0 0 0 0 0 0 0 25 9 123 222 223 219 217 217 218 219 221 227 233 234 234 234 233 231 228 224 219 211 203 194 187 183 180 178 163 61 0 0 0 0 0 0 0 0 0 0 0 0 0 0 0 0 0 0 0 0 0 0 0 0 0 0 0 0 0 0 0 0 0 0 0 0 0 0 0 0 0 0 0 0 0 0 0 0 0 0 0 0 0 0 0 0 0 0 0 0 0 
0 0 0 0 0 0 0 0 0 0 0 0 0 0 0 0 0 0 0 0 0 0 0 0 0 0 0 0 0 0 0 0 0 0 0 0 0 255 41 154 164 132 117 115 116 135 167 204 220 227 236 238 238 237 237 235 231 226 221 216 211 203 194 187 184 182 116 9 18 0 0 0 0 0 0 0 0 0 0 0 0 0 0 0 0 0 0 0 0 0 0 0 0 0 0 0 0 0 0 0 0 0 0 0 0 0 0 0 0 0 0 0 0 0 0 0 0 0 0 0 0 0 0 0 0 0 0 0 
0 0 0 0 0 0 0 0 0 0 0 0 0 0 0 0 0 0 0 0 0 0 0 0 0 0 0 0 0 0 0 0 0 0 0 0 0 116 20 36 21 3 0 0 0 5 30 87 163 216 231 238 239 238 235 231 226 221 216 214 213 210 203 195 190 188 159 48 255 0 0 0 0 0 0 0 0 0 0 0 0 0 0 0 0 0 0 0 0 0 0 0 0 0 0 0 0 0 0 0 0 0 0 0 0 0 0 0 0 0 0 0 0 0 0 0 0 0 0 0 0 0 0 0 0 0 0 0 
0 0 0 0 0 0 0 0 0 0 0 0 0 0 0 0 0 0 0 0 0 0 0 0 0 0 0 0 0 0 0 0 0 0 0 0 0 0 0 0 0 0 0 0 0 0 0 0 44 129 212 237 240 235 214 186 152 129 123 123 141 159 174 189 197 197 186 86 0 2 0 0 0 0 0 0 0 0 0 0 0 0 0 0 0 0 0 0 0 0 0 0 0 0 0 0 0 0 0 0 0 0 0 0 0 0 0 0 0 0 0 0 0 0 0 0 0 0 0 0 0 0 0 0 0 0 0 0 
0 0 0 0 0 0 0 0 0 0 0 0 0 0 0 0 0 0 0 0 0 0 0 0 0 0 0 0 0 0 0 0 0 0 0 0 0 0 0 0 0 0 0 0 0 0 0 0 0 22 110 197 206 143 74 40 16 0 0 0 7 29 49 85 115 139 177 125 7 11 0 0 0 0 0 0 0 0 0 0 0 0 0 0 0 0 0 0 0 0 0 0 0 0 0 0 0 0 0 0 0 0 0 0 0 0 0 0 0 0 0 0 0 0 0 0 0 0 0 0 0 0 0 0 0 0 0 0 
0 0 0 0 0 0 0 0 0 0 0 0 0 0 0 0 0 0 0 0 0 0 0 0 0 0 0 0 0 0 0 0 0 0 0 0 0 0 0 0 0 0 0 0 0 0 0 0 0 47 13 59 50 12 0 0 0 0 0 0 0 0 0 0 0 14 52 61 11 12 0 0 0 0 0 0 0 0 0 0 0 0 0 0 0 0 0 0 0 0 0 0 0 0 0 0 0 0 0 0 0 0 0 0 0 0 0 0 0 0 0 0 0 0 0 0 0 0 0 0 0 0 0 0 0 0 0 0 
